484024
717809
681872
800716
944696
409468
108517
796437
469558
935404
395672
493307
143143
961309
239413
538979
035407
580712
029021
018543
469318
179816
467765
320232
322120
355108
612175
200991
889924
549694
987984
050980
240832
575212
908812
011128
127470
980013
797041
016256
983164
951329
082928
739945
653093
046292
306496
779296
187242
436113
284011
111501
246363
095819
679475
756986
584070
176047
134501
129617
757218
529161
603618
110293
044927
634415
199989
961215
301236
788355
702893
808843
806583
559631
047368
506291
399743
204295
263923
551218
693058
273676
983330
212620
155368
817395
357788
149817
975039
927902
871142
831035
728112
176849
103710
975486
780989
253903
160215
325441
458318
